3.108000000000000000e+03
3.108000000000000000e+03
3.108000000000000000e+03
3.108000000000000000e+03
3.108000000000000000e+03
3.108000000000000000e+03
3.108000000000000000e+03
3.108000000000000000e+03
3.108000000000000000e+03
3.108000000000000000e+03
3.108000000000000000e+03
3.108000000000000000e+03
3.108000000000000000e+03
3.108000000000000000e+03
3.108000000000000000e+03
3.108000000000000000e+03
3.108000000000000000e+03
3.108000000000000000e+03
3.108000000000000000e+03
3.108000000000000000e+03
3.108000000000000000e+03
3.108000000000000000e+03
3.108000000000000000e+03
3.108000000000000000e+03
3.108000000000000000e+03
3.108000000000000000e+03
3.108000000000000000e+03
3.108000000000000000e+03
3.108000000000000000e+03
3.108000000000000000e+03
3.108000000000000000e+03
3.108000000000000000e+03
3.108000000000000000e+03
3.108000000000000000e+03
3.108000000000000000e+03
3.108000000000000000e+03
3.108000000000000000e+03
3.108000000000000000e+03
3.108000000000000000e+03
3.108000000000000000e+03
